function y = hx_lorenz_jac(x)

x1 = x(1); x2 = x(2); x3 = x(3);

% y = [ 1/4/(4*x1^2-4*x1+1+4*x2^2+4*x3^2)^(1/2)*(8*x1-4),         2/(4*x1^2-4*x1+1+4*x2^2+4*x3^2)^(1/2)*x2,         2/(4*x1^2-4*x1+1+4*x2^2+4*x3^2)^(1/2)*x3];
y = [ 1/(x1^2+x2^2+x3^2)^(1/2)*x1, 1/(x1^2+x2^2+x3^2)^(1/2)*x2, 1/(x1^2+x2^2+x3^2)^(1/2)*x3];